SUBJ_NUM,SUBJ_ID,GROUP,TRIAL,PEAK_MAG,MT,PHASE,VALUE
1,222,NT,1,1059.1893012908,0.47,Acceleration,0.19
1,222,NT,1,1059.1893012908,0.47,Deceleration,0.28
1,222,NT,2,968.276144262518,0.465,Acceleration,0.205
1,222,NT,2,968.276144262518,0.465,Deceleration,0.26
1,222,NT,3,1051.55541780749,0.425,Acceleration,0.235
1,222,NT,3,1051.55541780749,0.425,Deceleration,0.19
1,222,NT,4,1036.40938527083,0.465,Acceleration,0.25
1,222,NT,4,1036.40938527083,0.465,Deceleration,0.215
1,222,NT,5,934.583051086872,0.635,Acceleration,0.42
1,222,NT,5,934.583051086872,0.635,Deceleration,0.215
1,222,NT,6,872.733341386578,0.565,Acceleration,0.255
1,222,NT,6,872.733341386578,0.565,Deceleration,0.31
1,222,NT,7,959.844772225076,0.52,Acceleration,0.26
1,222,NT,7,959.844772225076,0.52,Deceleration,0.26
1,222,NT,8,928.220173279678,0.555,Acceleration,0.295
1,222,NT,8,928.220173279678,0.555,Deceleration,0.26
1,222,NT,9,925.87198205929,0.525,Acceleration,0.24
1,222,NT,9,925.87198205929,0.525,Deceleration,0.285
1,222,NT,10,1049.47817601876,0.525,Acceleration,0.23
1,222,NT,10,1049.47817601876,0.525,Deceleration,0.295
1,222,NT,11,752.309133287851,0.555,Acceleration,0.285
1,222,NT,11,752.309133287851,0.555,Deceleration,0.27
1,222,NT,12,1043.49572342556,0.43,Acceleration,0.21
1,222,NT,12,1043.49572342556,0.43,Deceleration,0.22
2,223,NT,1,1121.52295858077,0.415,Acceleration,0.175
2,223,NT,1,1121.52295858077,0.415,Deceleration,0.24
2,223,NT,2,1084.78624876708,0.415,Acceleration,0.18
2,223,NT,2,1084.78624876708,0.415,Deceleration,0.235
2,223,NT,3,1047.1860538723,0.47,Acceleration,0.175
2,223,NT,3,1047.1860538723,0.47,Deceleration,0.295
2,223,NT,4,1054.38835677416,0.44,Acceleration,0.17
2,223,NT,4,1054.38835677416,0.44,Deceleration,0.27
2,223,NT,5,1133.63559818394,0.38,Acceleration,0.18
2,223,NT,5,1133.63559818394,0.38,Deceleration,0.2
2,223,NT,6,1120.62614636515,0.42,Acceleration,0.215
2,223,NT,6,1120.62614636515,0.42,Deceleration,0.205
2,223,NT,7,1031.81530352317,0.46,Acceleration,0.2
2,223,NT,7,1031.81530352317,0.46,Deceleration,0.26
2,223,NT,8,1048.12276804608,0.395,Acceleration,0.175
2,223,NT,8,1048.12276804608,0.395,Deceleration,0.22
2,223,NT,9,1100.0850251269,0.39,Acceleration,0.16
2,223,NT,9,1100.0850251269,0.39,Deceleration,0.23
2,223,NT,10,1190.32311438053,0.47,Acceleration,0.195
2,223,NT,10,1190.32311438053,0.47,Deceleration,0.275
2,223,NT,11,1098.80750429695,0.455,Acceleration,0.175
2,223,NT,11,1098.80750429695,0.455,Deceleration,0.28
3,226,NT,1,946.485965850167,0.46,Acceleration,0.17
3,226,NT,1,946.485965850167,0.46,Deceleration,0.29
3,226,NT,2,1144.70415822345,0.47,Acceleration,0.175
3,226,NT,2,1144.70415822345,0.47,Deceleration,0.295
3,226,NT,3,933.83903636114,0.44,Acceleration,0.2
3,226,NT,3,933.83903636114,0.44,Deceleration,0.24
3,226,NT,4,1095.09304614364,0.515,Acceleration,0.195
3,226,NT,4,1095.09304614364,0.515,Deceleration,0.32
3,226,NT,5,1036.95629500621,0.42,Acceleration,0.215
3,226,NT,5,1036.95629500621,0.42,Deceleration,0.205
3,226,NT,6,1108.74886819448,0.515,Acceleration,0.2
3,226,NT,6,1108.74886819448,0.515,Deceleration,0.315
3,226,NT,7,1137.87990827064,0.48,Acceleration,0.2
3,226,NT,7,1137.87990827064,0.48,Deceleration,0.28
3,226,NT,8,1023.30899818891,0.39,Acceleration,0.175
3,226,NT,8,1023.30899818891,0.39,Deceleration,0.215
3,226,NT,9,915.570810526417,0.405,Acceleration,0.185
3,226,NT,9,915.570810526417,0.405,Deceleration,0.22
3,226,NT,10,1038.6095027242,0.38,Acceleration,0.195
3,226,NT,10,1038.6095027242,0.38,Deceleration,0.185
3,226,NT,11,917.821300406841,0.455,Acceleration,0.205
3,226,NT,11,917.821300406841,0.455,Deceleration,0.25
3,226,NT,12,922.189224296854,0.445,Acceleration,0.175
3,226,NT,12,922.189224296854,0.445,Deceleration,0.27
3,226,NT,13,775.711294341288,0.545,Acceleration,0.28
3,226,NT,13,775.711294341288,0.545,Deceleration,0.265
4,230,NT,1,1107.35862418491,0.48,Acceleration,0.185
4,230,NT,1,1107.35862418491,0.48,Deceleration,0.295
4,230,NT,2,1113.09951363613,0.48,Acceleration,0.165
4,230,NT,2,1113.09951363613,0.48,Deceleration,0.315
4,230,NT,3,1196.96043367258,0.465,Acceleration,0.17
4,230,NT,3,1196.96043367258,0.465,Deceleration,0.295
4,230,NT,4,1159.33079016794,0.46,Acceleration,0.175
4,230,NT,4,1159.33079016794,0.46,Deceleration,0.285
4,230,NT,5,1100.15431059988,0.45,Acceleration,0.185
4,230,NT,5,1100.15431059988,0.45,Deceleration,0.265
4,230,NT,6,1170.00767890648,0.41,Acceleration,0.175
4,230,NT,6,1170.00767890648,0.41,Deceleration,0.235
4,230,NT,7,1039.96701328247,0.505,Acceleration,0.195
4,230,NT,7,1039.96701328247,0.505,Deceleration,0.31
4,230,NT,8,1151.12476355312,0.46,Acceleration,0.195
4,230,NT,8,1151.12476355312,0.46,Deceleration,0.265
4,230,NT,9,1059.32596666145,0.55,Acceleration,0.2
4,230,NT,9,1059.32596666145,0.55,Deceleration,0.35
4,230,NT,10,1184.42774730423,0.495,Acceleration,0.185
4,230,NT,10,1184.42774730423,0.495,Deceleration,0.31
4,230,NT,11,1163.10701499791,0.52,Acceleration,0.205
4,230,NT,11,1163.10701499791,0.52,Deceleration,0.315
4,230,NT,12,1023.886287904,0.505,Acceleration,0.185
4,230,NT,12,1023.886287904,0.505,Deceleration,0.32
4,230,NT,13,1092.33988621841,0.54,Acceleration,0.175
4,230,NT,13,1092.33988621841,0.54,Deceleration,0.365
4,230,NT,14,1099.94461096221,0.48,Acceleration,0.2
4,230,NT,14,1099.94461096221,0.48,Deceleration,0.28
4,230,NT,15,1086.66879913584,0.525,Acceleration,0.17
4,230,NT,15,1086.66879913584,0.525,Deceleration,0.355
4,230,NT,16,1062.12571361564,0.525,Acceleration,0.175
4,230,NT,16,1062.12571361564,0.525,Deceleration,0.35
4,230,NT,17,1030.47989339907,0.495,Acceleration,0.205
4,230,NT,17,1030.47989339907,0.495,Deceleration,0.29
4,230,NT,18,1036.56288134064,0.55,Acceleration,0.225
4,230,NT,18,1036.56288134064,0.55,Deceleration,0.325
5,234,NT,1,989.758327735078,0.445,Acceleration,0.2
5,234,NT,1,989.758327735078,0.445,Deceleration,0.245
5,234,NT,2,918.269646594226,0.435,Acceleration,0.195
5,234,NT,2,918.269646594226,0.435,Deceleration,0.24
5,234,NT,3,967.488449825766,0.445,Acceleration,0.195
5,234,NT,3,967.488449825766,0.445,Deceleration,0.25
5,234,NT,4,1071.72393458583,0.39,Acceleration,0.18
5,234,NT,4,1071.72393458583,0.39,Deceleration,0.21
5,234,NT,5,1037.28256823579,0.395,Acceleration,0.19
5,234,NT,5,1037.28256823579,0.395,Deceleration,0.205
5,234,NT,6,1012.59932421499,0.415,Acceleration,0.2
5,234,NT,6,1012.59932421499,0.415,Deceleration,0.215
5,234,NT,7,990.974692192293,0.39,Acceleration,0.19
5,234,NT,7,990.974692192293,0.39,Deceleration,0.2
5,234,NT,8,1067.38042544032,0.42,Acceleration,0.185
5,234,NT,8,1067.38042544032,0.42,Deceleration,0.235
5,234,NT,9,1023.58026157026,0.39,Acceleration,0.19
5,234,NT,9,1023.58026157026,0.39,Deceleration,0.2
5,234,NT,10,1082.23983218828,0.595,Acceleration,0.425
5,234,NT,10,1082.23983218828,0.595,Deceleration,0.17
6,231,NT,1,1033.65941643675,0.51,Acceleration,0.215
6,231,NT,1,1033.65941643675,0.51,Deceleration,0.295
6,231,NT,2,1038.05999826959,0.55,Acceleration,0.225
6,231,NT,2,1038.05999826959,0.55,Deceleration,0.325
6,231,NT,3,765.207503575778,0.7,Acceleration,0.23
6,231,NT,3,765.207503575778,0.7,Deceleration,0.47
6,231,NT,4,1146.92990869708,0.43,Acceleration,0.2
6,231,NT,4,1146.92990869708,0.43,Deceleration,0.23
6,231,NT,5,1033.99824863664,0.6,Acceleration,0.23
6,231,NT,5,1033.99824863664,0.6,Deceleration,0.37
6,231,NT,6,1339.70073365525,0.38,Acceleration,0.17
6,231,NT,6,1339.70073365525,0.38,Deceleration,0.21
6,231,NT,7,1126.62666853298,0.44,Acceleration,0.19
6,231,NT,7,1126.62666853298,0.44,Deceleration,0.25
6,231,NT,8,886.44293048066,0.6,Acceleration,0.22
6,231,NT,8,886.44293048066,0.6,Deceleration,0.38
6,231,NT,9,1076.49772994105,0.565,Acceleration,0.205
6,231,NT,9,1076.49772994105,0.565,Deceleration,0.36
6,231,NT,10,1151.70129539834,0.51,Acceleration,0.18
6,231,NT,10,1151.70129539834,0.51,Deceleration,0.33
6,231,NT,11,1217.85619630342,0.5,Acceleration,0.185
6,231,NT,11,1217.85619630342,0.5,Deceleration,0.315
6,231,NT,12,1235.35310179039,0.5,Acceleration,0.19
6,231,NT,12,1235.35310179039,0.5,Deceleration,0.31
7,239,NT,1,935.463439762504,0.395,Acceleration,0.17
7,239,NT,1,935.463439762504,0.395,Deceleration,0.225
7,239,NT,2,586.023998605342,1.035,Acceleration,0.245
7,239,NT,2,586.023998605342,1.035,Deceleration,0.79
7,239,NT,3,984.735903108157,0.54,Acceleration,0.4
7,239,NT,3,984.735903108157,0.54,Deceleration,0.14
7,239,NT,4,1039.87779962647,0.47,Acceleration,0.205
7,239,NT,4,1039.87779962647,0.47,Deceleration,0.265
7,239,NT,5,1084.93988977045,0.335,Acceleration,0.18
7,239,NT,5,1084.93988977045,0.335,Deceleration,0.155
7,239,NT,6,1126.24235017502,0.435,Acceleration,0.19
7,239,NT,6,1126.24235017502,0.435,Deceleration,0.245
7,239,NT,7,1122.33114791653,0.48,Acceleration,0.195
7,239,NT,7,1122.33114791653,0.48,Deceleration,0.285
7,239,NT,8,1109.68564489939,0.48,Acceleration,0.215
7,239,NT,8,1109.68564489939,0.48,Deceleration,0.265
7,239,NT,9,1028.11360687934,0.465,Acceleration,0.215
7,239,NT,9,1028.11360687934,0.465,Deceleration,0.25
7,239,NT,10,1051.73354354063,0.625,Acceleration,0.345
7,239,NT,10,1051.73354354063,0.625,Deceleration,0.28
7,239,NT,11,1022.30519242768,0.5,Acceleration,0.23
7,239,NT,11,1022.30519242768,0.5,Deceleration,0.27
8,250,NT,1,1028.36772013461,0.58,Acceleration,0.21
8,250,NT,1,1028.36772013461,0.58,Deceleration,0.37
8,250,NT,2,1058.85917895394,0.525,Acceleration,0.18
8,250,NT,2,1058.85917895394,0.525,Deceleration,0.345
8,250,NT,3,1056.21867160715,0.55,Acceleration,0.2
8,250,NT,3,1056.21867160715,0.55,Deceleration,0.35
8,250,NT,4,1158.03603568481,0.455,Acceleration,0.2
8,250,NT,4,1158.03603568481,0.455,Deceleration,0.255
8,250,NT,5,1083.57322948148,0.46,Acceleration,0.205
8,250,NT,5,1083.57322948148,0.46,Deceleration,0.255
8,250,NT,6,NaN,NaN,Acceleration,NaN
8,250,NT,6,NaN,NaN,Deceleration,NaN
8,250,NT,7,1141.70789719705,0.565,Acceleration,0.205
8,250,NT,7,1141.70789719705,0.565,Deceleration,0.36
8,250,NT,8,956.008051772947,0.54,Acceleration,0.24
8,250,NT,8,956.008051772947,0.54,Deceleration,0.3
8,250,NT,9,1165.54728464962,0.575,Acceleration,0.18
8,250,NT,9,1165.54728464962,0.575,Deceleration,0.395
8,250,NT,10,1139.56713930065,0.495,Acceleration,0.195
8,250,NT,10,1139.56713930065,0.495,Deceleration,0.3
9,244,NT,1,887.77448734633,0.56,Acceleration,0.21
9,244,NT,1,887.77448734633,0.56,Deceleration,0.35
9,244,NT,2,701.647212320952,0.65,Acceleration,0.285
9,244,NT,2,701.647212320952,0.65,Deceleration,0.365
9,244,NT,3,701.647212320952,0.65,Acceleration,0.285
9,244,NT,3,701.647212320952,0.65,Deceleration,0.365
9,244,NT,4,921.670780022609,0.605,Acceleration,0.25
9,244,NT,4,921.670780022609,0.605,Deceleration,0.355
9,244,NT,5,876.976164511408,0.59,Acceleration,0.255
9,244,NT,5,876.976164511408,0.59,Deceleration,0.335
9,244,NT,6,911.813551791704,0.615,Acceleration,0.245
9,244,NT,6,911.813551791704,0.615,Deceleration,0.37
9,244,NT,7,1293.68874160585,0.505,Acceleration,0.225
9,244,NT,7,1293.68874160585,0.505,Deceleration,0.28
9,244,NT,8,847.245586094602,0.7,Acceleration,0.275
9,244,NT,8,847.245586094602,0.7,Deceleration,0.425
9,244,NT,9,923.791757310111,0.515,Acceleration,0.225
9,244,NT,9,923.791757310111,0.515,Deceleration,0.29
9,244,NT,10,892.764901769289,0.585,Acceleration,0.23
9,244,NT,10,892.764901769289,0.585,Deceleration,0.355
9,244,NT,11,993.018645701705,0.58,Acceleration,0.235
9,244,NT,11,993.018645701705,0.58,Deceleration,0.345
10,253,NT,1,985.598880262866,0.515,Acceleration,0.17
10,253,NT,1,985.598880262866,0.515,Deceleration,0.345
10,253,NT,2,984.310809211038,0.5,Acceleration,0.205
10,253,NT,2,984.310809211038,0.5,Deceleration,0.295
10,253,NT,3,918.642096445299,0.475,Acceleration,0.22
10,253,NT,3,918.642096445299,0.475,Deceleration,0.255
10,253,NT,4,918.642096445299,0.455,Acceleration,0.22
10,253,NT,4,918.642096445299,0.455,Deceleration,0.235
10,253,NT,5,878.508956018481,0.535,Acceleration,0.215
10,253,NT,5,878.508956018481,0.535,Deceleration,0.32
10,253,NT,6,810.140774740382,0.565,Acceleration,0.255
10,253,NT,6,810.140774740382,0.565,Deceleration,0.31
10,253,NT,7,847.005133474362,0.505,Acceleration,0.2
10,253,NT,7,847.005133474362,0.505,Deceleration,0.305
10,253,NT,8,934.454719224496,0.44,Acceleration,0.21
10,253,NT,8,934.454719224496,0.44,Deceleration,0.23
10,253,NT,9,978.900587471506,0.4,Acceleration,0.185
10,253,NT,9,978.900587471506,0.4,Deceleration,0.215
10,253,NT,10,1048.27723725021,0.445,Acceleration,0.18
10,253,NT,10,1048.27723725021,0.445,Deceleration,0.265
10,253,NT,11,999.795088126178,0.43,Acceleration,0.21
10,253,NT,11,999.795088126178,0.43,Deceleration,0.22
11,232,NT,1,959.708745903817,0.505,Acceleration,0.22
11,232,NT,1,959.708745903817,0.505,Deceleration,0.285
11,232,NT,2,1161.59300823284,0.375,Acceleration,0.18
11,232,NT,2,1161.59300823284,0.375,Deceleration,0.195
11,232,NT,3,1126.99399850993,0.445,Acceleration,0.24
11,232,NT,3,1126.99399850993,0.445,Deceleration,0.205
11,232,NT,4,1167.90622745774,0.41,Acceleration,0.17
11,232,NT,4,1167.90622745774,0.41,Deceleration,0.24
11,232,NT,5,1036.59846244407,0.48,Acceleration,0.225
11,232,NT,5,1036.59846244407,0.48,Deceleration,0.255
11,232,NT,6,1056.26663718482,0.54,Acceleration,0.3
11,232,NT,6,1056.26663718482,0.54,Deceleration,0.24
11,232,NT,7,1144.59634687505,0.43,Acceleration,0.195
11,232,NT,7,1144.59634687505,0.43,Deceleration,0.235
11,232,NT,8,1133.2822676829,0.465,Acceleration,0.22
11,232,NT,8,1133.2822676829,0.465,Deceleration,0.245
11,232,NT,9,903.590548465297,0.53,Acceleration,0.27
11,232,NT,9,903.590548465297,0.53,Deceleration,0.26
11,232,NT,10,1132.02748782688,0.5,Acceleration,0.185
11,232,NT,10,1132.02748782688,0.5,Deceleration,0.315
11,232,NT,11,1089.03019487585,0.405,Acceleration,0.215
11,232,NT,11,1089.03019487585,0.405,Deceleration,0.19
11,232,NT,12,835.561431241442,0.55,Acceleration,0.28
11,232,NT,12,835.561431241442,0.55,Deceleration,0.27
12,263,NT,1,910.806420331695,0.41,Acceleration,0.19
12,263,NT,1,910.806420331695,0.41,Deceleration,0.22
12,263,NT,2,734.616531801832,0.565,Acceleration,0.265
12,263,NT,2,734.616531801832,0.565,Deceleration,0.3
12,263,NT,3,871.783989400302,0.445,Acceleration,0.21
12,263,NT,3,871.783989400302,0.445,Deceleration,0.235
12,263,NT,4,952.923219832667,0.45,Acceleration,0.2
12,263,NT,4,952.923219832667,0.45,Deceleration,0.25
12,263,NT,5,934.082593027615,0.475,Acceleration,0.205
12,263,NT,5,934.082593027615,0.475,Deceleration,0.27
12,263,NT,6,866.694845691151,0.505,Acceleration,0.205
12,263,NT,6,866.694845691151,0.505,Deceleration,0.3
12,263,NT,7,858.48988254229,0.5,Acceleration,0.21
12,263,NT,7,858.48988254229,0.5,Deceleration,0.29
12,263,NT,8,849.738469713734,0.555,Acceleration,0.245
12,263,NT,8,849.738469713734,0.555,Deceleration,0.31
12,263,NT,9,908.266802186652,0.48,Acceleration,0.21
12,263,NT,9,908.266802186652,0.48,Deceleration,0.27
12,263,NT,10,841.260535558375,0.51,Acceleration,0.225
12,263,NT,10,841.260535558375,0.51,Deceleration,0.285
12,263,NT,11,776.867696565889,0.515,Acceleration,0.25
12,263,NT,11,776.867696565889,0.515,Deceleration,0.265
12,263,NT,12,899.783029157738,0.495,Acceleration,0.2
12,263,NT,12,899.783029157738,0.495,Deceleration,0.295
12,263,NT,13,861.394165546708,0.515,Acceleration,0.225
12,263,NT,13,861.394165546708,0.515,Deceleration,0.29
12,263,NT,14,865.388052115447,0.495,Acceleration,0.2
12,263,NT,14,865.388052115447,0.495,Deceleration,0.295
13,259,NT,1,1220.33375027666,0.49,Acceleration,0.19
13,259,NT,1,1220.33375027666,0.49,Deceleration,0.3
13,259,NT,2,1185.85435377803,0.465,Acceleration,0.19
13,259,NT,2,1185.85435377803,0.465,Deceleration,0.275
13,259,NT,3,1129.53022182002,0.485,Acceleration,0.205
13,259,NT,3,1129.53022182002,0.485,Deceleration,0.28
13,259,NT,4,1089.66970839248,0.48,Acceleration,0.205
13,259,NT,4,1089.66970839248,0.48,Deceleration,0.275
13,259,NT,5,903.467626763688,0.675,Acceleration,0.29
13,259,NT,5,903.467626763688,0.675,Deceleration,0.385
13,259,NT,6,1086.03195218043,0.535,Acceleration,0.22
13,259,NT,6,1086.03195218043,0.535,Deceleration,0.315
13,259,NT,7,1054.70412668924,0.505,Acceleration,0.21
13,259,NT,7,1054.70412668924,0.505,Deceleration,0.295
13,259,NT,8,1153.92892675559,0.545,Acceleration,0.21
13,259,NT,8,1153.92892675559,0.545,Deceleration,0.335
13,259,NT,9,1084.23038964925,0.515,Acceleration,0.185
13,259,NT,9,1084.23038964925,0.515,Deceleration,0.33
13,259,NT,10,1115.98533164192,0.455,Acceleration,0.205
13,259,NT,10,1115.98533164192,0.455,Deceleration,0.25
13,259,NT,11,1186.95068947312,0.555,Acceleration,0.21
13,259,NT,11,1186.95068947312,0.555,Deceleration,0.345
13,259,NT,12,1075.37012826452,0.62,Acceleration,0.235
13,259,NT,12,1075.37012826452,0.62,Deceleration,0.385
13,259,NT,13,1071.11007973356,0.51,Acceleration,0.215
13,259,NT,13,1071.11007973356,0.51,Deceleration,0.295
13,259,NT,14,1134.40511734446,0.515,Acceleration,0.21
13,259,NT,14,1134.40511734446,0.515,Deceleration,0.305
13,259,NT,15,1111.97276307769,0.495,Acceleration,0.205
13,259,NT,15,1111.97276307769,0.495,Deceleration,0.29
14,258,NT,1,1175.41980610335,0.455,Acceleration,0.18
14,258,NT,1,1175.41980610335,0.455,Deceleration,0.275
14,258,NT,2,1275.78873916611,0.495,Acceleration,0.195
14,258,NT,2,1275.78873916611,0.495,Deceleration,0.3
14,258,NT,3,1124.51207271109,0.495,Acceleration,0.2
14,258,NT,3,1124.51207271109,0.495,Deceleration,0.295
14,258,NT,4,1289.55223363434,0.44,Acceleration,0.175
14,258,NT,4,1289.55223363434,0.44,Deceleration,0.265
14,258,NT,5,1247.75580829476,0.415,Acceleration,0.18
14,258,NT,5,1247.75580829476,0.415,Deceleration,0.235
14,258,NT,6,1258.47972409571,0.445,Acceleration,0.17
14,258,NT,6,1258.47972409571,0.445,Deceleration,0.275
14,258,NT,7,1211.25568087399,0.455,Acceleration,0.19
14,258,NT,7,1211.25568087399,0.455,Deceleration,0.265
14,258,NT,8,1176.06530920695,0.51,Acceleration,0.19
14,258,NT,8,1176.06530920695,0.51,Deceleration,0.32
14,258,NT,9,1279.34759543269,0.44,Acceleration,0.18
14,258,NT,9,1279.34759543269,0.44,Deceleration,0.26
14,258,NT,10,1147.30909890869,0.48,Acceleration,0.2
14,258,NT,10,1147.30909890869,0.48,Deceleration,0.28
14,258,NT,11,921.075081034554,0.535,Acceleration,0.23
14,258,NT,11,921.075081034554,0.535,Deceleration,0.305
14,258,NT,12,1481.89508876181,0.4,Acceleration,0.18
14,258,NT,12,1481.89508876181,0.4,Deceleration,0.22
14,258,NT,13,1101.25215544204,0.565,Acceleration,0.29
14,258,NT,13,1101.25215544204,0.565,Deceleration,0.275
14,258,NT,14,1376.85433923983,0.4,Acceleration,0.17
14,258,NT,14,1376.85433923983,0.4,Deceleration,0.23
14,258,NT,15,1174.87463073719,0.415,Acceleration,0.18
14,258,NT,15,1174.87463073719,0.415,Deceleration,0.235
14,258,NT,16,1082.56041730046,0.495,Acceleration,0.23
14,258,NT,16,1082.56041730046,0.495,Deceleration,0.265
14,258,NT,17,1205.27806846682,0.41,Acceleration,0.165
14,258,NT,17,1205.27806846682,0.41,Deceleration,0.245
14,258,NT,18,1124.31692726968,0.485,Acceleration,0.215
14,258,NT,18,1124.31692726968,0.485,Deceleration,0.27
14,258,NT,19,1310.35441326051,0.44,Acceleration,0.17
14,258,NT,19,1310.35441326051,0.44,Deceleration,0.27
14,258,NT,20,1259.72470679472,0.41,Acceleration,0.17
14,258,NT,20,1259.72470679472,0.41,Deceleration,0.24
17,264,NT,1,835.703166798258,0.5,Acceleration,0.22
17,264,NT,1,835.703166798258,0.5,Deceleration,0.28
17,264,NT,2,590.296902334636,0.67,Acceleration,0.3
17,264,NT,2,590.296902334636,0.67,Deceleration,0.37
17,264,NT,3,661.347974108401,0.325,Acceleration,0.185
17,264,NT,3,661.347974108401,0.325,Deceleration,0.14
17,264,NT,4,662.905737987293,0.555,Acceleration,0.26
17,264,NT,4,662.905737987293,0.555,Deceleration,0.295
17,264,NT,5,918.167032747735,0.515,Acceleration,0.23
17,264,NT,5,918.167032747735,0.515,Deceleration,0.285
17,264,NT,6,1618.99165840483,0.43,Acceleration,0.19
17,264,NT,6,1618.99165840483,0.43,Deceleration,0.24
17,264,NT,7,785.351396195583,0.52,Acceleration,0.255
17,264,NT,7,785.351396195583,0.52,Deceleration,0.265
17,264,NT,8,764.853306081825,0.47,Acceleration,0.185
17,264,NT,8,764.853306081825,0.47,Deceleration,0.285
17,264,NT,9,788.453487302239,0.535,Acceleration,0.215
17,264,NT,9,788.453487302239,0.535,Deceleration,0.32
17,264,NT,10,856.004760104023,0.565,Acceleration,0.235
17,264,NT,10,856.004760104023,0.565,Deceleration,0.33
17,264,NT,11,829.605203262857,0.635,Acceleration,0.41
17,264,NT,11,829.605203262857,0.635,Deceleration,0.225
18,265,NT,1,716.769943984634,0.79,Acceleration,0.41
18,265,NT,1,716.769943984634,0.79,Deceleration,0.38
18,265,NT,2,917.343168368131,0.385,Acceleration,0.265
18,265,NT,2,917.343168368131,0.385,Deceleration,0.12
18,265,NT,3,NaN,NaN,Acceleration,NaN
18,265,NT,3,NaN,NaN,Deceleration,NaN
18,265,NT,4,653.242623232834,0.735,Acceleration,0.37
18,265,NT,4,653.242623232834,0.735,Deceleration,0.365
18,265,NT,5,1634.64415621235,0.505,Acceleration,0.19
18,265,NT,5,1634.64415621235,0.505,Deceleration,0.315
18,265,NT,6,754.145904410814,0.51,Acceleration,0.285
18,265,NT,6,754.145904410814,0.51,Deceleration,0.225
18,265,NT,7,778.677355400112,0.535,Acceleration,0.235
18,265,NT,7,778.677355400112,0.535,Deceleration,0.3
19,271,NT,1,1205.43425988117,0.565,Acceleration,0.22
19,271,NT,1,1205.43425988117,0.565,Deceleration,0.345
19,271,NT,2,1183.57564784358,0.5,Acceleration,0.22
19,271,NT,2,1183.57564784358,0.5,Deceleration,0.28
19,271,NT,3,1249.89718986918,0.455,Acceleration,0.19
19,271,NT,3,1249.89718986918,0.455,Deceleration,0.265
19,271,NT,4,1289.0251497797,0.43,Acceleration,0.205
19,271,NT,4,1289.0251497797,0.43,Deceleration,0.225
19,271,NT,5,1148.74712391974,0.495,Acceleration,0.21
19,271,NT,5,1148.74712391974,0.495,Deceleration,0.285
19,271,NT,6,1344.81868791561,0.43,Acceleration,0.175
19,271,NT,6,1344.81868791561,0.43,Deceleration,0.255
19,271,NT,7,1229.40618565873,0.54,Acceleration,0.205
19,271,NT,7,1229.40618565873,0.54,Deceleration,0.335
19,271,NT,8,1259.46734481921,0.75,Acceleration,0.465
19,271,NT,8,1259.46734481921,0.75,Deceleration,0.285
19,271,NT,9,1228.82101960074,0.53,Acceleration,0.19
19,271,NT,9,1228.82101960074,0.53,Deceleration,0.34
19,271,NT,10,1282.53066166601,0.545,Acceleration,0.18
19,271,NT,10,1282.53066166601,0.545,Deceleration,0.365
19,271,NT,11,1202.49621325459,0.59,Acceleration,0.25
19,271,NT,11,1202.49621325459,0.59,Deceleration,0.34
20,280,NT,1,1095.16818851212,0.435,Acceleration,0.195
20,280,NT,1,1095.16818851212,0.435,Deceleration,0.24
20,280,NT,2,1201.2421466343,0.465,Acceleration,0.18
20,280,NT,2,1201.2421466343,0.465,Deceleration,0.285
20,280,NT,3,978.845819855157,0.55,Acceleration,0.2
20,280,NT,3,978.845819855157,0.55,Deceleration,0.35
20,280,NT,4,918.564458811433,0.53,Acceleration,0.2
20,280,NT,4,918.564458811433,0.53,Deceleration,0.33
20,280,NT,5,859.768556404278,0.565,Acceleration,0.275
20,280,NT,5,859.768556404278,0.565,Deceleration,0.29
20,280,NT,6,1244.09589411251,0.43,Acceleration,0.18
20,280,NT,6,1244.09589411251,0.43,Deceleration,0.25
20,280,NT,7,1342.86174200075,0.395,Acceleration,0.175
20,280,NT,7,1342.86174200075,0.395,Deceleration,0.22
20,280,NT,8,1148.11247210486,0.505,Acceleration,0.2
20,280,NT,8,1148.11247210486,0.505,Deceleration,0.305
20,280,NT,9,1076.14230377068,0.44,Acceleration,0.2
20,280,NT,9,1076.14230377068,0.44,Deceleration,0.24
20,280,NT,10,1176.68028571826,0.455,Acceleration,0.185
20,280,NT,10,1176.68028571826,0.455,Deceleration,0.27
20,280,NT,11,1164.85639224124,0.505,Acceleration,0.22
20,280,NT,11,1164.85639224124,0.505,Deceleration,0.285
20,280,NT,12,1086.71097855521,0.51,Acceleration,0.185
20,280,NT,12,1086.71097855521,0.51,Deceleration,0.325
20,280,NT,13,1204.97638742913,0.46,Acceleration,0.175
20,280,NT,13,1204.97638742913,0.46,Deceleration,0.285
20,280,NT,14,1304.85245672627,0.435,Acceleration,0.185
20,280,NT,14,1304.85245672627,0.435,Deceleration,0.25
20,280,NT,15,1140.64450817546,0.44,Acceleration,0.17
20,280,NT,15,1140.64450817546,0.44,Deceleration,0.27
21,279,NT,1,1051.39610564132,0.54,Acceleration,0.225
21,279,NT,1,1051.39610564132,0.54,Deceleration,0.315
21,279,NT,2,1146.13690476,0.535,Acceleration,0.21
21,279,NT,2,1146.13690476,0.535,Deceleration,0.325
21,279,NT,3,1110.87790765761,0.505,Acceleration,0.21
21,279,NT,3,1110.87790765761,0.505,Deceleration,0.295
21,279,NT,4,1186.59015636357,0.54,Acceleration,0.205
21,279,NT,4,1186.59015636357,0.54,Deceleration,0.335
21,279,NT,5,1022.55468063094,0.53,Acceleration,0.205
21,279,NT,5,1022.55468063094,0.53,Deceleration,0.325
21,279,NT,6,1094.50941488238,0.555,Acceleration,0.21
21,279,NT,6,1094.50941488238,0.555,Deceleration,0.345
21,279,NT,7,1104.92191153967,0.51,Acceleration,0.22
21,279,NT,7,1104.92191153967,0.51,Deceleration,0.29
21,279,NT,8,1029.3024521293,0.555,Acceleration,0.235
21,279,NT,8,1029.3024521293,0.555,Deceleration,0.32
21,279,NT,9,1161.12560667931,0.545,Acceleration,0.215
21,279,NT,9,1161.12560667931,0.545,Deceleration,0.33
21,279,NT,10,1071.70290938832,0.695,Acceleration,0.325
21,279,NT,10,1071.70290938832,0.695,Deceleration,0.37
21,279,NT,11,1039.30962583572,0.575,Acceleration,0.235
21,279,NT,11,1039.30962583572,0.575,Deceleration,0.34
21,279,NT,12,985.665470978435,0.61,Acceleration,0.24
21,279,NT,12,985.665470978435,0.61,Deceleration,0.37
21,279,NT,13,1218.3093157654,0.515,Acceleration,0.2
21,279,NT,13,1218.3093157654,0.515,Deceleration,0.315
22,276,NT,1,1149.95609612443,0.445,Acceleration,0.185
22,276,NT,1,1149.95609612443,0.445,Deceleration,0.26
22,276,NT,2,1201.61511978123,0.41,Acceleration,0.175
22,276,NT,2,1201.61511978123,0.41,Deceleration,0.235
22,276,NT,3,1228.0757697629,0.385,Acceleration,0.165
22,276,NT,3,1228.0757697629,0.385,Deceleration,0.22
22,276,NT,4,1204.48831703578,0.4,Acceleration,0.16
22,276,NT,4,1204.48831703578,0.4,Deceleration,0.24
22,276,NT,5,1111.31546293378,0.46,Acceleration,0.175
22,276,NT,5,1111.31546293378,0.46,Deceleration,0.285
22,276,NT,6,1082.71159099963,0.475,Acceleration,0.175
22,276,NT,6,1082.71159099963,0.475,Deceleration,0.3
22,276,NT,7,1044.39269713687,0.485,Acceleration,0.185
22,276,NT,7,1044.39269713687,0.485,Deceleration,0.3
22,276,NT,8,923.272794533949,0.405,Acceleration,0.185
22,276,NT,8,923.272794533949,0.405,Deceleration,0.22
22,276,NT,9,932.506902184411,0.495,Acceleration,0.19
22,276,NT,9,932.506902184411,0.495,Deceleration,0.305
22,276,NT,10,911.497484515633,0.53,Acceleration,0.185
22,276,NT,10,911.497484515633,0.53,Deceleration,0.345
22,276,NT,11,943.835537799695,0.515,Acceleration,0.18
22,276,NT,11,943.835537799695,0.515,Deceleration,0.335
22,276,NT,12,907.065894465678,0.53,Acceleration,0.195
22,276,NT,12,907.065894465678,0.53,Deceleration,0.335
23,282,NT,1,1080.34414673699,0.495,Acceleration,0.19
23,282,NT,1,1080.34414673699,0.495,Deceleration,0.305
23,282,NT,2,1218.47483135154,0.485,Acceleration,0.255
23,282,NT,2,1218.47483135154,0.485,Deceleration,0.23
23,282,NT,3,1171.58894829955,0.48,Acceleration,0.195
23,282,NT,3,1171.58894829955,0.48,Deceleration,0.285
23,282,NT,4,1050.97908277633,0.545,Acceleration,0.2
23,282,NT,4,1050.97908277633,0.545,Deceleration,0.345
23,282,NT,5,1039.10066429688,0.575,Acceleration,0.21
23,282,NT,5,1039.10066429688,0.575,Deceleration,0.365
23,282,NT,6,1165.55623591838,0.5,Acceleration,0.205
23,282,NT,6,1165.55623591838,0.5,Deceleration,0.295
23,282,NT,7,1001.63762630759,0.425,Acceleration,0.18
23,282,NT,7,1001.63762630759,0.425,Deceleration,0.245
23,282,NT,8,1101.54350165193,0.525,Acceleration,0.195
23,282,NT,8,1101.54350165193,0.525,Deceleration,0.33
23,282,NT,9,972.377399092442,0.535,Acceleration,0.22
23,282,NT,9,972.377399092442,0.535,Deceleration,0.315
23,282,NT,10,1118.96996967425,0.535,Acceleration,0.205
23,282,NT,10,1118.96996967425,0.535,Deceleration,0.33
23,282,NT,11,988.468974100475,0.48,Acceleration,0.2
23,282,NT,11,988.468974100475,0.48,Deceleration,0.28
23,282,NT,12,847.281295221719,0.31,Acceleration,0.175
23,282,NT,12,847.281295221719,0.31,Deceleration,0.135
24,277,NT,1,NaN,NaN,Acceleration,NaN
24,277,NT,1,NaN,NaN,Deceleration,NaN
24,277,NT,2,891.236930574151,0.65,Acceleration,0.27
24,277,NT,2,891.236930574151,0.65,Deceleration,0.38
24,277,NT,3,926.190358090622,0.65,Acceleration,0.235
24,277,NT,3,926.190358090622,0.65,Deceleration,0.415
24,277,NT,4,972.735133119681,0.555,Acceleration,0.235
24,277,NT,4,972.735133119681,0.555,Deceleration,0.32
24,277,NT,5,931.874835826268,0.57,Acceleration,0.185
24,277,NT,5,931.874835826268,0.57,Deceleration,0.385
24,277,NT,6,1082.3989790846,0.52,Acceleration,0.22
24,277,NT,6,1082.3989790846,0.52,Deceleration,0.3
24,277,NT,7,1109.81478678646,0.455,Acceleration,0.195
24,277,NT,7,1109.81478678646,0.455,Deceleration,0.26
24,277,NT,8,915.254992907863,0.53,Acceleration,0.265
24,277,NT,8,915.254992907863,0.53,Deceleration,0.265
24,277,NT,9,1024.52590326247,0.525,Acceleration,0.215
24,277,NT,9,1024.52590326247,0.525,Deceleration,0.31
24,277,NT,10,996.572669602292,0.605,Acceleration,0.195
24,277,NT,10,996.572669602292,0.605,Deceleration,0.41
24,277,NT,11,918.680421662314,0.645,Acceleration,0.225
24,277,NT,11,918.680421662314,0.645,Deceleration,0.42
24,277,NT,12,756.216167403952,0.71,Acceleration,0.25
24,277,NT,12,756.216167403952,0.71,Deceleration,0.46
24,277,NT,13,949.685971855691,0.74,Acceleration,0.25
24,277,NT,13,949.685971855691,0.74,Deceleration,0.49
25,218,ASD,1,1402.23626026005,0.445,Acceleration,0.17
25,218,ASD,1,1402.23626026005,0.445,Deceleration,0.275
25,218,ASD,2,1502.49306827894,0.425,Acceleration,0.175
25,218,ASD,2,1502.49306827894,0.425,Deceleration,0.25
25,218,ASD,3,1477.82597919042,0.465,Acceleration,0.16
25,218,ASD,3,1477.82597919042,0.465,Deceleration,0.305
25,218,ASD,4,1517.95388416369,0.425,Acceleration,0.165
25,218,ASD,4,1517.95388416369,0.425,Deceleration,0.26
25,218,ASD,5,NaN,NaN,Acceleration,NaN
25,218,ASD,5,NaN,NaN,Deceleration,NaN
25,218,ASD,6,1471.25967184721,0.645,Acceleration,0.165
25,218,ASD,6,1471.25967184721,0.645,Deceleration,0.48
25,218,ASD,7,1449.87933798714,0.485,Acceleration,0.185
25,218,ASD,7,1449.87933798714,0.485,Deceleration,0.3
25,218,ASD,8,NaN,NaN,Acceleration,NaN
25,218,ASD,8,NaN,NaN,Deceleration,NaN
25,218,ASD,9,1526.62323845449,0.485,Acceleration,0.205
25,218,ASD,9,1526.62323845449,0.485,Deceleration,0.28
25,218,ASD,10,NaN,NaN,Acceleration,NaN
25,218,ASD,10,NaN,NaN,Deceleration,NaN
25,218,ASD,11,1426.19509199626,0.445,Acceleration,0.175
25,218,ASD,11,1426.19509199626,0.445,Deceleration,0.27
25,218,ASD,12,1399.62060355954,0.43,Acceleration,0.17
25,218,ASD,12,1399.62060355954,0.43,Deceleration,0.26
25,218,ASD,13,1369.30311249253,0.45,Acceleration,0.185
25,218,ASD,13,1369.30311249253,0.45,Deceleration,0.265
25,218,ASD,14,1477.9280799894,0.42,Acceleration,0.18
25,218,ASD,14,1477.9280799894,0.42,Deceleration,0.24
26,20,ASD,1,983.75304484335,0.825,Acceleration,0.215
26,20,ASD,1,983.75304484335,0.825,Deceleration,0.61
26,20,ASD,2,1025.25186618029,0.68,Acceleration,0.225
26,20,ASD,2,1025.25186618029,0.68,Deceleration,0.455
26,20,ASD,3,924.866558391292,0.575,Acceleration,0.2
26,20,ASD,3,924.866558391292,0.575,Deceleration,0.375
26,20,ASD,4,823.756065470592,0.715,Acceleration,0.26
26,20,ASD,4,823.756065470592,0.715,Deceleration,0.455
26,20,ASD,5,1016.89319221664,0.565,Acceleration,0.185
26,20,ASD,5,1016.89319221664,0.565,Deceleration,0.38
26,20,ASD,6,682.58857143835,0.805,Acceleration,0.275
26,20,ASD,6,682.58857143835,0.805,Deceleration,0.53
26,20,ASD,7,790.874496141375,0.77,Acceleration,0.305
26,20,ASD,7,790.874496141375,0.77,Deceleration,0.465
26,20,ASD,8,924.435321047468,0.8,Acceleration,0.235
26,20,ASD,8,924.435321047468,0.8,Deceleration,0.565
26,20,ASD,9,836.051243370622,0.915,Acceleration,0.23
26,20,ASD,9,836.051243370622,0.915,Deceleration,0.685
27,21,ASD,1,950.974470593071,0.565,Acceleration,0.16
27,21,ASD,1,950.974470593071,0.565,Deceleration,0.405
27,21,ASD,2,903.836895146527,0.63,Acceleration,0.225
27,21,ASD,2,903.836895146527,0.63,Deceleration,0.405
27,21,ASD,3,775.355399689586,0.675,Acceleration,0.255
27,21,ASD,3,775.355399689586,0.675,Deceleration,0.42
27,21,ASD,4,628.529045920238,0.965,Acceleration,0.305
27,21,ASD,4,628.529045920238,0.965,Deceleration,0.66
27,21,ASD,5,700.592235141752,0.84,Acceleration,0.24
27,21,ASD,5,700.592235141752,0.84,Deceleration,0.6
27,21,ASD,6,668.41323415417,0.79,Acceleration,0.3
27,21,ASD,6,668.41323415417,0.79,Deceleration,0.49
27,21,ASD,7,609.737049615909,0.86,Acceleration,0.3
27,21,ASD,7,609.737049615909,0.86,Deceleration,0.56
27,21,ASD,8,871.301111681732,0.71,Acceleration,0.255
27,21,ASD,8,871.301111681732,0.71,Deceleration,0.455
27,21,ASD,9,739.346003092832,0.735,Acceleration,0.25
27,21,ASD,9,739.346003092832,0.735,Deceleration,0.485
27,21,ASD,10,705.606123972885,0.86,Acceleration,0.345
27,21,ASD,10,705.606123972885,0.86,Deceleration,0.515
27,21,ASD,11,666.183805543893,0.705,Acceleration,0.285
27,21,ASD,11,666.183805543893,0.705,Deceleration,0.42
28,240,ASD,1,792.679317610583,0.56,Acceleration,0.205
28,240,ASD,1,792.679317610583,0.56,Deceleration,0.355
28,240,ASD,2,987.097342629385,0.48,Acceleration,0.175
28,240,ASD,2,987.097342629385,0.48,Deceleration,0.305
28,240,ASD,3,840.478042531232,0.59,Acceleration,0.19
28,240,ASD,3,840.478042531232,0.59,Deceleration,0.4
28,240,ASD,4,851.861881941412,0.585,Acceleration,0.205
28,240,ASD,4,851.861881941412,0.585,Deceleration,0.38
28,240,ASD,5,835.523322348458,0.56,Acceleration,0.205
28,240,ASD,5,835.523322348458,0.56,Deceleration,0.355
28,240,ASD,6,846.268381861196,0.565,Acceleration,0.225
28,240,ASD,6,846.268381861196,0.565,Deceleration,0.34
28,240,ASD,7,979.680385768002,0.495,Acceleration,0.165
28,240,ASD,7,979.680385768002,0.495,Deceleration,0.33
28,240,ASD,8,935.179505871663,0.515,Acceleration,0.195
28,240,ASD,8,935.179505871663,0.515,Deceleration,0.32
28,240,ASD,9,933.651626696398,0.515,Acceleration,0.22
28,240,ASD,9,933.651626696398,0.515,Deceleration,0.295
28,240,ASD,10,724.990846112662,0.605,Acceleration,0.23
28,240,ASD,10,724.990846112662,0.605,Deceleration,0.375
28,240,ASD,11,817.22500856753,0.555,Acceleration,0.19
28,240,ASD,11,817.22500856753,0.555,Deceleration,0.365
28,240,ASD,12,832.127284102903,0.675,Acceleration,0.185
28,240,ASD,12,832.127284102903,0.675,Deceleration,0.49
28,240,ASD,13,849.79888461569,0.665,Acceleration,0.235
28,240,ASD,13,849.79888461569,0.665,Deceleration,0.43
28,240,ASD,14,858.601127667937,0.62,Acceleration,0.22
28,240,ASD,14,858.601127667937,0.62,Deceleration,0.4
28,240,ASD,15,913.638035026303,0.535,Acceleration,0.21
28,240,ASD,15,913.638035026303,0.535,Deceleration,0.325
28,240,ASD,16,820.539069013609,0.58,Acceleration,0.25
28,240,ASD,16,820.539069013609,0.58,Deceleration,0.33
28,240,ASD,17,1065.00967516686,0.465,Acceleration,0.175
28,240,ASD,17,1065.00967516686,0.465,Deceleration,0.29
28,240,ASD,18,929.813506071825,0.55,Acceleration,0.185
28,240,ASD,18,929.813506071825,0.55,Deceleration,0.365
29,233,ASD,1,958.853844491721,0.635,Acceleration,0.25
29,233,ASD,1,958.853844491721,0.635,Deceleration,0.385
29,233,ASD,2,1048.71204039716,0.565,Acceleration,0.215
29,233,ASD,2,1048.71204039716,0.565,Deceleration,0.35
29,233,ASD,3,856.099188951172,0.68,Acceleration,0.22
29,233,ASD,3,856.099188951172,0.68,Deceleration,0.46
29,233,ASD,4,684.354797614409,0.705,Acceleration,0.24
29,233,ASD,4,684.354797614409,0.705,Deceleration,0.465
29,233,ASD,5,967.214802986367,1.055,Acceleration,0.61
29,233,ASD,5,967.214802986367,1.055,Deceleration,0.445
29,233,ASD,6,906.635971866887,0.425,Acceleration,0.275
29,233,ASD,6,906.635971866887,0.425,Deceleration,0.15
29,233,ASD,7,1004.84385643502,0.525,Acceleration,0.22
29,233,ASD,7,1004.84385643502,0.525,Deceleration,0.305
29,233,ASD,8,888.545691224984,0.64,Acceleration,0.225
29,233,ASD,8,888.545691224984,0.64,Deceleration,0.415
29,233,ASD,9,838.000568197689,0.625,Acceleration,0.25
29,233,ASD,9,838.000568197689,0.625,Deceleration,0.375
29,233,ASD,10,863.396844118936,0.62,Acceleration,0.24
29,233,ASD,10,863.396844118936,0.62,Deceleration,0.38
29,233,ASD,11,1043.13259666614,0.52,Acceleration,0.205
29,233,ASD,11,1043.13259666614,0.52,Deceleration,0.315
29,233,ASD,12,953.628188252327,0.615,Acceleration,0.26
29,233,ASD,12,953.628188252327,0.615,Deceleration,0.355
29,233,ASD,13,956.337395302489,0.67,Acceleration,0.215
29,233,ASD,13,956.337395302489,0.67,Deceleration,0.455
29,233,ASD,14,850.500295216229,0.69,Acceleration,0.22
29,233,ASD,14,850.500295216229,0.69,Deceleration,0.47
29,233,ASD,15,921.717560015792,0.535,Acceleration,0.2
29,233,ASD,15,921.717560015792,0.535,Deceleration,0.335
29,233,ASD,16,985.186268422655,0.545,Acceleration,0.215
29,233,ASD,16,985.186268422655,0.545,Deceleration,0.33
29,233,ASD,17,859.935094012541,0.7,Acceleration,0.22
29,233,ASD,17,859.935094012541,0.7,Deceleration,0.48
29,233,ASD,18,1126.31887232889,0.65,Acceleration,0.2
29,233,ASD,18,1126.31887232889,0.65,Deceleration,0.45
30,267,ASD,1,1246.13246167019,0.455,Acceleration,0.16
30,267,ASD,1,1246.13246167019,0.455,Deceleration,0.295
30,267,ASD,2,1150.59791349158,0.36,Acceleration,0.17
30,267,ASD,2,1150.59791349158,0.36,Deceleration,0.19
30,267,ASD,3,920.392716972821,0.515,Acceleration,0.21
30,267,ASD,3,920.392716972821,0.515,Deceleration,0.305
30,267,ASD,4,623.763413989796,0.615,Acceleration,0.32
30,267,ASD,4,623.763413989796,0.615,Deceleration,0.295
30,267,ASD,5,1013.5307800295,0.435,Acceleration,0.18
30,267,ASD,5,1013.5307800295,0.435,Deceleration,0.255
30,267,ASD,6,975.396246025962,0.46,Acceleration,0.18
30,267,ASD,6,975.396246025962,0.46,Deceleration,0.28
30,267,ASD,7,991.945311714972,0.515,Acceleration,0.195
30,267,ASD,7,991.945311714972,0.515,Deceleration,0.32
30,267,ASD,8,1250.97863317709,0.425,Acceleration,0.165
30,267,ASD,8,1250.97863317709,0.425,Deceleration,0.26
31,269,ASD,1,931.427257154571,0.4,Acceleration,0.145
31,269,ASD,1,931.427257154571,0.4,Deceleration,0.255
31,269,ASD,2,1165.13370135413,0.45,Acceleration,0.19
31,269,ASD,2,1165.13370135413,0.45,Deceleration,0.26
31,269,ASD,3,1127.6834553037,0.49,Acceleration,0.19
31,269,ASD,3,1127.6834553037,0.49,Deceleration,0.3
31,269,ASD,4,1166.88565721303,0.505,Acceleration,0.17
31,269,ASD,4,1166.88565721303,0.505,Deceleration,0.335
31,269,ASD,5,1132.68030239887,0.48,Acceleration,0.18
31,269,ASD,5,1132.68030239887,0.48,Deceleration,0.3
31,269,ASD,6,1185.7513058462,0.445,Acceleration,0.175
31,269,ASD,6,1185.7513058462,0.445,Deceleration,0.27
31,269,ASD,7,978.723578377337,0.49,Acceleration,0.175
31,269,ASD,7,978.723578377337,0.49,Deceleration,0.315
31,269,ASD,8,1073.24829374074,0.47,Acceleration,0.185
31,269,ASD,8,1073.24829374074,0.47,Deceleration,0.285
31,269,ASD,9,1147.72197844863,0.545,Acceleration,0.255
31,269,ASD,9,1147.72197844863,0.545,Deceleration,0.29
32,215,ASD,1,1230.43045849173,0.5,Acceleration,0.185
32,215,ASD,1,1230.43045849173,0.5,Deceleration,0.315
32,215,ASD,2,1162.95389915692,0.525,Acceleration,0.19
32,215,ASD,2,1162.95389915692,0.525,Deceleration,0.335
32,215,ASD,3,1131.93368418567,0.555,Acceleration,0.19
32,215,ASD,3,1131.93368418567,0.555,Deceleration,0.365
32,215,ASD,4,1288.76218891676,0.515,Acceleration,0.2
32,215,ASD,4,1288.76218891676,0.515,Deceleration,0.315
32,215,ASD,5,1188.31333400154,0.515,Acceleration,0.175
32,215,ASD,5,1188.31333400154,0.515,Deceleration,0.34
32,215,ASD,6,1219.53652325627,0.545,Acceleration,0.245
32,215,ASD,6,1219.53652325627,0.545,Deceleration,0.3
32,215,ASD,7,1077.66628966776,0.565,Acceleration,0.215
32,215,ASD,7,1077.66628966776,0.565,Deceleration,0.35
32,215,ASD,8,1123.82446127034,0.53,Acceleration,0.175
32,215,ASD,8,1123.82446127034,0.53,Deceleration,0.355
32,215,ASD,9,1147.03668514263,0.49,Acceleration,0.175
32,215,ASD,9,1147.03668514263,0.49,Deceleration,0.315
33,270,ASD,1,1161.19092232762,0.585,Acceleration,0.27
33,270,ASD,1,1161.19092232762,0.585,Deceleration,0.315
33,270,ASD,2,1076.1433368932,0.915,Acceleration,0.635
33,270,ASD,2,1076.1433368932,0.915,Deceleration,0.28
33,270,ASD,3,1069.30833373708,0.65,Acceleration,0.355
33,270,ASD,3,1069.30833373708,0.65,Deceleration,0.295
33,270,ASD,4,1131.20462202336,0.5,Acceleration,0.21
33,270,ASD,4,1131.20462202336,0.5,Deceleration,0.29
33,270,ASD,5,1084.28889222367,0.665,Acceleration,0.345
33,270,ASD,5,1084.28889222367,0.665,Deceleration,0.32
33,270,ASD,6,1057.07833282749,0.54,Acceleration,0.2
33,270,ASD,6,1057.07833282749,0.54,Deceleration,0.34
33,270,ASD,7,1026.08054062399,0.555,Acceleration,0.225
33,270,ASD,7,1026.08054062399,0.555,Deceleration,0.33
33,270,ASD,8,932.345795296642,0.595,Acceleration,0.25
33,270,ASD,8,932.345795296642,0.595,Deceleration,0.345
33,270,ASD,9,1110.03696197558,0.515,Acceleration,0.185
33,270,ASD,9,1110.03696197558,0.515,Deceleration,0.33
34,274,ASD,1,981.876856713182,0.535,Acceleration,0.2
34,274,ASD,1,981.876856713182,0.535,Deceleration,0.335
34,274,ASD,2,925.135255235362,0.575,Acceleration,0.23
34,274,ASD,2,925.135255235362,0.575,Deceleration,0.345
34,274,ASD,3,956.163003393727,0.59,Acceleration,0.205
34,274,ASD,3,956.163003393727,0.59,Deceleration,0.385
34,274,ASD,4,1004.90079924397,0.59,Acceleration,0.215
34,274,ASD,4,1004.90079924397,0.59,Deceleration,0.375
34,274,ASD,5,992.988958835367,0.565,Acceleration,0.235
34,274,ASD,5,992.988958835367,0.565,Deceleration,0.33
34,274,ASD,6,881.799210483715,0.57,Acceleration,0.19
34,274,ASD,6,881.799210483715,0.57,Deceleration,0.38
34,274,ASD,7,910.770473355631,0.54,Acceleration,0.19
34,274,ASD,7,910.770473355631,0.54,Deceleration,0.35
34,274,ASD,8,968.70787964957,0.56,Acceleration,0.21
34,274,ASD,8,968.70787964957,0.56,Deceleration,0.35
34,274,ASD,9,773.88971419053,0.615,Acceleration,0.22
34,274,ASD,9,773.88971419053,0.615,Deceleration,0.395
34,274,ASD,10,884.933295789995,0.54,Acceleration,0.23
34,274,ASD,10,884.933295789995,0.54,Deceleration,0.31
34,274,ASD,11,1034.2662649951,0.555,Acceleration,0.215
34,274,ASD,11,1034.2662649951,0.555,Deceleration,0.34
34,274,ASD,12,1052.25005224224,0.535,Acceleration,0.215
34,274,ASD,12,1052.25005224224,0.535,Deceleration,0.32
35,284,ASD,1,1207.64052745956,0.455,Acceleration,0.19
35,284,ASD,1,1207.64052745956,0.455,Deceleration,0.265
35,284,ASD,2,1111.1357938991,0.485,Acceleration,0.19
35,284,ASD,2,1111.1357938991,0.485,Deceleration,0.295
35,284,ASD,3,1116.25570812495,0.485,Acceleration,0.185
35,284,ASD,3,1116.25570812495,0.485,Deceleration,0.3
35,284,ASD,4,1132.8440853794,0.49,Acceleration,0.19
35,284,ASD,4,1132.8440853794,0.49,Deceleration,0.3
35,284,ASD,5,1127.13442412016,0.47,Acceleration,0.185
35,284,ASD,5,1127.13442412016,0.47,Deceleration,0.285
35,284,ASD,6,1373.35071507673,0.45,Acceleration,0.18
35,284,ASD,6,1373.35071507673,0.45,Deceleration,0.27
35,284,ASD,7,1015.09796937612,0.585,Acceleration,0.325
35,284,ASD,7,1015.09796937612,0.585,Deceleration,0.26
35,284,ASD,8,1142.0968151684,0.495,Acceleration,0.2
35,284,ASD,8,1142.0968151684,0.495,Deceleration,0.295
35,284,ASD,9,1422.3488919876,0.415,Acceleration,0.185
35,284,ASD,9,1422.3488919876,0.415,Deceleration,0.23
35,284,ASD,10,1043.47320344423,0.5,Acceleration,0.185
35,284,ASD,10,1043.47320344423,0.5,Deceleration,0.315
35,284,ASD,11,1101.80053432168,0.47,Acceleration,0.18
35,284,ASD,11,1101.80053432168,0.47,Deceleration,0.29
35,284,ASD,12,1237.7084559817,0.505,Acceleration,0.21
35,284,ASD,12,1237.7084559817,0.505,Deceleration,0.295
35,284,ASD,13,1116.08352451138,0.545,Acceleration,0.205
35,284,ASD,13,1116.08352451138,0.545,Deceleration,0.34
36,273,ASD,1,1033.96606496767,0.59,Acceleration,0.26
36,273,ASD,1,1033.96606496767,0.59,Deceleration,0.33
36,273,ASD,2,1202.94594925077,0.505,Acceleration,0.19
36,273,ASD,2,1202.94594925077,0.505,Deceleration,0.315
36,273,ASD,3,1178.13806038905,0.555,Acceleration,0.2
36,273,ASD,3,1178.13806038905,0.555,Deceleration,0.355
36,273,ASD,4,1161.08308268515,0.54,Acceleration,0.24
36,273,ASD,4,1161.08308268515,0.54,Deceleration,0.3
36,273,ASD,5,1193.11280175558,0.52,Acceleration,0.18
36,273,ASD,5,1193.11280175558,0.52,Deceleration,0.34
36,273,ASD,6,1047.60461432765,0.625,Acceleration,0.255
36,273,ASD,6,1047.60461432765,0.625,Deceleration,0.37
36,273,ASD,7,1188.87879371756,0.55,Acceleration,0.225
36,273,ASD,7,1188.87879371756,0.55,Deceleration,0.325
36,273,ASD,8,1092.19540168904,0.59,Acceleration,0.27
36,273,ASD,8,1092.19540168904,0.59,Deceleration,0.32
36,273,ASD,9,1110.96822223653,0.335,Acceleration,0.165
36,273,ASD,9,1110.96822223653,0.335,Deceleration,0.17
36,273,ASD,10,1110.91836912403,0.525,Acceleration,0.225
36,273,ASD,10,1110.91836912403,0.525,Deceleration,0.3
36,273,ASD,11,1219.42023445601,0.51,Acceleration,0.215
36,273,ASD,11,1219.42023445601,0.51,Deceleration,0.295
37,319,ASD,1,989.69450348869,0.535,Acceleration,0.205
37,319,ASD,1,989.69450348869,0.535,Deceleration,0.33
37,319,ASD,2,1013.46208515741,0.5,Acceleration,0.185
37,319,ASD,2,1013.46208515741,0.5,Deceleration,0.315
37,319,ASD,3,1169.05398386403,0.565,Acceleration,0.2
37,319,ASD,3,1169.05398386403,0.565,Deceleration,0.365
37,319,ASD,4,951.085941631312,0.585,Acceleration,0.195
37,319,ASD,4,951.085941631312,0.585,Deceleration,0.39
37,319,ASD,5,1116.4938036544,0.615,Acceleration,0.19
37,319,ASD,5,1116.4938036544,0.615,Deceleration,0.425
37,319,ASD,6,1001.50950519587,0.565,Acceleration,0.21
37,319,ASD,6,1001.50950519587,0.565,Deceleration,0.355
37,319,ASD,7,998.376647382657,0.71,Acceleration,0.235
37,319,ASD,7,998.376647382657,0.71,Deceleration,0.475
37,319,ASD,8,999.051813544914,0.545,Acceleration,0.205
37,319,ASD,8,999.051813544914,0.545,Deceleration,0.34
37,319,ASD,9,980.38244480128,0.575,Acceleration,0.215
37,319,ASD,9,980.38244480128,0.575,Deceleration,0.36
37,319,ASD,10,890.764277961551,0.53,Acceleration,0.21
37,319,ASD,10,890.764277961551,0.53,Deceleration,0.32
37,319,ASD,11,994.547376729297,0.58,Acceleration,0.195
37,319,ASD,11,994.547376729297,0.58,Deceleration,0.385
38,326,ASD,1,1300.54799654504,0.51,Acceleration,0.175
38,326,ASD,1,1300.54799654504,0.51,Deceleration,0.335
38,326,ASD,2,1148.50075014521,0.46,Acceleration,0.165
38,326,ASD,2,1148.50075014521,0.46,Deceleration,0.295
38,326,ASD,3,1197.06846637611,0.56,Acceleration,0.195
38,326,ASD,3,1197.06846637611,0.56,Deceleration,0.365
38,326,ASD,4,1152.76046694533,0.565,Acceleration,0.185
38,326,ASD,4,1152.76046694533,0.565,Deceleration,0.38
38,326,ASD,5,1207.44724089532,0.535,Acceleration,0.19
38,326,ASD,5,1207.44724089532,0.535,Deceleration,0.345
38,326,ASD,6,1190.09029702709,0.575,Acceleration,0.225
38,326,ASD,6,1190.09029702709,0.575,Deceleration,0.35
38,326,ASD,7,1414.39661639893,0.53,Acceleration,0.19
38,326,ASD,7,1414.39661639893,0.53,Deceleration,0.34
38,326,ASD,8,1308.44784092509,0.53,Acceleration,0.18
38,326,ASD,8,1308.44784092509,0.53,Deceleration,0.35
38,326,ASD,9,1143.07233593874,0.605,Acceleration,0.215
38,326,ASD,9,1143.07233593874,0.605,Deceleration,0.39
